vin	V(vout)
Step Information: Vref=500m  (Run: 1/3)
0.000000000000000e+000	1.500003e+000
5.000000000000000e-002	1.400003e+000
1.000000000000000e-001	1.300004e+000
1.500000000000000e-001	1.200004e+000
2.000000000000000e-001	1.100004e+000
2.500000000000000e-001	1.000005e+000
3.000000000000000e-001	9.000048e-001
3.500000000000000e-001	8.000051e-001
4.000000000000000e-001	7.000055e-001
4.500000000000000e-001	6.000057e-001
4.999999999999999e-001	5.000061e-001
5.499999999999999e-001	4.000064e-001
6.000000000000000e-001	3.000067e-001
6.500000000000000e-001	2.000071e-001
7.000000000000001e-001	1.000075e-001
7.500000000000001e-001	1.658579e-002
8.000000000000002e-001	3.803647e-003
8.500000000000002e-001	3.429350e-003
9.000000000000002e-001	3.446437e-003
9.500000000000003e-001	3.551459e-003
1.000000000000000e+000	3.693662e-003
1.050000000000000e+000	3.852194e-003
1.100000000000000e+000	4.019648e-003
1.150000000000000e+000	4.192344e-003
1.200000000000000e+000	4.368248e-003
1.250000000000000e+000	4.546164e-003
1.300000000000001e+000	4.725358e-003
1.350000000000001e+000	4.905374e-003
1.400000000000001e+000	5.085918e-003
1.450000000000001e+000	5.266805e-003
1.500000000000001e+000	5.447917e-003
1.550000000000001e+000	5.629176e-003
1.600000000000001e+000	5.810535e-003
1.650000000000001e+000	5.991963e-003
1.700000000000001e+000	6.173439e-003
1.750000000000001e+000	6.354953e-003
1.800000000000001e+000	6.536494e-003
1.850000000000001e+000	6.718060e-003
1.900000000000001e+000	6.899647e-003
1.950000000000001e+000	7.081254e-003
2.000000000000001e+000	7.262879e-003
2.050000000000001e+000	7.444522e-003
2.100000000000001e+000	7.626183e-003
2.150000000000000e+000	7.807862e-003
2.200000000000000e+000	7.989560e-003
2.250000000000000e+000	8.171276e-003
2.300000000000000e+000	8.353012e-003
2.350000000000000e+000	8.534767e-003
2.400000000000000e+000	8.716541e-003
2.449999999999999e+000	8.898336e-003
2.499999999999999e+000	9.080152e-003
2.549999999999999e+000	9.261988e-003
2.599999999999999e+000	9.443847e-003
2.649999999999999e+000	9.625727e-003
2.699999999999998e+000	9.807630e-003
2.749999999999998e+000	9.989556e-003
2.799999999999998e+000	1.017151e-002
2.849999999999998e+000	1.035348e-002
2.899999999999998e+000	1.053548e-002
2.949999999999998e+000	1.071750e-002
2.999999999999997e+000	1.089954e-002
3.049999999999997e+000	1.108162e-002
3.099999999999997e+000	1.126372e-002
3.149999999999997e+000	1.144584e-002
3.199999999999997e+000	1.162800e-002
3.249999999999996e+000	1.181018e-002
3.299999999999996e+000	1.199238e-002
3.349999999999996e+000	1.217462e-002
3.399999999999996e+000	1.235689e-002
3.449999999999996e+000	1.253918e-002
3.499999999999996e+000	1.272151e-002
3.549999999999995e+000	1.290386e-002
3.599999999999995e+000	1.308624e-002
3.649999999999995e+000	1.326866e-002
3.699999999999995e+000	1.345111e-002
3.749999999999995e+000	1.363359e-002
3.799999999999995e+000	1.381610e-002
3.849999999999994e+000	1.399865e-002
3.899999999999994e+000	1.418123e-002
3.949999999999994e+000	1.436384e-002
3.999999999999994e+000	1.454649e-002
4.049999999999994e+000	1.472917e-002
4.099999999999993e+000	1.491189e-002
4.149999999999993e+000	1.509464e-002
4.199999999999993e+000	1.527743e-002
4.249999999999993e+000	1.546025e-002
4.299999999999993e+000	1.564312e-002
4.349999999999993e+000	1.582602e-002
4.399999999999992e+000	1.600896e-002
4.449999999999992e+000	1.619194e-002
4.499999999999992e+000	1.637495e-002
4.549999999999992e+000	1.655801e-002
4.599999999999992e+000	1.674110e-002
4.649999999999992e+000	1.692424e-002
4.699999999999991e+000	1.710742e-002
4.749999999999991e+000	1.729064e-002
4.799999999999991e+000	1.747390e-002
4.849999999999991e+000	1.765720e-002
4.899999999999991e+000	1.784054e-002
4.949999999999990e+000	1.802393e-002
5.000000000000000e+000	1.820737e-002
Step Information: Vref=2.5  (Run: 2/3)
0.000000000000000e+000	4.981792e+000
5.000000000000000e-002	4.981976e+000
1.000000000000000e-001	4.982160e+000
1.500000000000000e-001	4.982343e+000
2.000000000000000e-001	4.982526e+000
2.500000000000000e-001	4.982709e+000
3.000000000000000e-001	4.982893e+000
3.500000000000000e-001	4.983075e+000
4.000000000000000e-001	4.983258e+000
4.500000000000000e-001	4.983441e+000
4.999999999999999e-001	4.983623e+000
5.499999999999999e-001	4.983805e+000
6.000000000000000e-001	4.983986e+000
6.500000000000000e-001	4.984166e+000
7.000000000000001e-001	4.984344e+000
7.500000000000001e-001	4.984519e+000
8.000000000000002e-001	4.984690e+000
8.500000000000002e-001	4.984853e+000
9.000000000000002e-001	4.985003e+000
9.500000000000003e-001	4.985132e+000
1.000000000000000e+000	4.985223e+000
1.050000000000000e+000	4.985244e+000
1.100000000000000e+000	4.985120e+000
1.150000000000000e+000	4.984633e+000
1.200000000000000e+000	4.982798e+000
1.250000000000000e+000	4.966541e+000
1.300000000000001e+000	4.893491e+000
1.350000000000001e+000	4.799992e+000
1.400000000000001e+000	4.699993e+000
1.450000000000001e+000	4.599993e+000
1.500000000000001e+000	4.499994e+000
1.550000000000001e+000	4.399994e+000
1.600000000000001e+000	4.299994e+000
1.650000000000001e+000	4.199995e+000
1.700000000000001e+000	4.099995e+000
1.750000000000001e+000	3.999995e+000
1.800000000000001e+000	3.899996e+000
1.850000000000001e+000	3.799996e+000
1.900000000000001e+000	3.699996e+000
1.950000000000001e+000	3.599997e+000
2.000000000000001e+000	3.499997e+000
2.050000000000001e+000	3.399997e+000
2.100000000000001e+000	3.299998e+000
2.150000000000000e+000	3.199998e+000
2.200000000000000e+000	3.099998e+000
2.250000000000000e+000	2.999999e+000
2.300000000000000e+000	2.899999e+000
2.350000000000000e+000	2.799999e+000
2.400000000000000e+000	2.699999e+000
2.449999999999999e+000	2.600000e+000
2.499999999999999e+000	2.500000e+000
2.549999999999999e+000	2.400000e+000
2.599999999999999e+000	2.300001e+000
2.649999999999999e+000	2.200001e+000
2.699999999999998e+000	2.100001e+000
2.749999999999998e+000	2.000001e+000
2.799999999999998e+000	1.900002e+000
2.849999999999998e+000	1.800002e+000
2.899999999999998e+000	1.700002e+000
2.949999999999998e+000	1.600003e+000
2.999999999999997e+000	1.500003e+000
3.049999999999997e+000	1.400003e+000
3.099999999999997e+000	1.300004e+000
3.149999999999997e+000	1.200004e+000
3.199999999999997e+000	1.100004e+000
3.249999999999996e+000	1.000005e+000
3.299999999999996e+000	9.000050e-001
3.349999999999996e+000	8.000053e-001
3.399999999999996e+000	7.000056e-001
3.449999999999996e+000	6.000059e-001
3.499999999999996e+000	5.000063e-001
3.549999999999995e+000	4.000066e-001
3.599999999999995e+000	3.000069e-001
3.649999999999995e+000	2.000073e-001
3.699999999999995e+000	1.065039e-001
3.749999999999995e+000	3.345352e-002
3.799999999999995e+000	1.730845e-002
3.849999999999994e+000	1.540284e-002
3.899999999999994e+000	1.488668e-002
3.949999999999994e+000	1.475175e-002
3.999999999999994e+000	1.477458e-002
4.049999999999994e+000	1.486682e-002
4.099999999999993e+000	1.499613e-002
4.149999999999993e+000	1.514661e-002
4.199999999999993e+000	1.530963e-002
4.249999999999993e+000	1.548026e-002
4.299999999999993e+000	1.565556e-002
4.349999999999993e+000	1.583377e-002
4.399999999999992e+000	1.601378e-002
4.449999999999992e+000	1.619494e-002
4.499999999999992e+000	1.637682e-002
4.549999999999992e+000	1.655917e-002
4.599999999999992e+000	1.674183e-002
4.649999999999992e+000	1.692469e-002
4.699999999999991e+000	1.710770e-002
4.749999999999991e+000	1.729081e-002
4.799999999999991e+000	1.747400e-002
4.849999999999991e+000	1.765727e-002
4.899999999999991e+000	1.784059e-002
4.949999999999990e+000	1.802396e-002
5.000000000000000e+000	1.820738e-002
Step Information: Vref=4.5  (Run: 3/3)
0.000000000000000e+000	4.981792e+000
5.000000000000000e-002	4.981976e+000
1.000000000000000e-001	4.982160e+000
1.500000000000000e-001	4.982343e+000
2.000000000000000e-001	4.982526e+000
2.500000000000000e-001	4.982709e+000
3.000000000000000e-001	4.982893e+000
3.500000000000000e-001	4.983076e+000
4.000000000000000e-001	4.983259e+000
4.500000000000000e-001	4.983442e+000
4.999999999999999e-001	4.983625e+000
5.499999999999999e-001	4.983808e+000
6.000000000000000e-001	4.983991e+000
6.500000000000000e-001	4.984174e+000
7.000000000000001e-001	4.984357e+000
7.500000000000001e-001	4.984540e+000
8.000000000000002e-001	4.984723e+000
8.500000000000002e-001	4.984905e+000
9.000000000000002e-001	4.985088e+000
9.500000000000003e-001	4.985271e+000
1.000000000000000e+000	4.985454e+000
1.050000000000000e+000	4.985636e+000
1.100000000000000e+000	4.985819e+000
1.150000000000000e+000	4.986001e+000
1.200000000000000e+000	4.986184e+000
1.250000000000000e+000	4.986366e+000
1.300000000000001e+000	4.986549e+000
1.350000000000001e+000	4.986732e+000
1.400000000000001e+000	4.986914e+000
1.450000000000001e+000	4.987096e+000
1.500000000000001e+000	4.987278e+000
1.550000000000001e+000	4.987461e+000
1.600000000000001e+000	4.987643e+000
1.650000000000001e+000	4.987825e+000
1.700000000000001e+000	4.988008e+000
1.750000000000001e+000	4.988190e+000
1.800000000000001e+000	4.988372e+000
1.850000000000001e+000	4.988554e+000
1.900000000000001e+000	4.988736e+000
1.950000000000001e+000	4.988918e+000
2.000000000000001e+000	4.989100e+000
2.050000000000001e+000	4.989283e+000
2.100000000000001e+000	4.989465e+000
2.150000000000000e+000	4.989646e+000
2.200000000000000e+000	4.989829e+000
2.250000000000000e+000	4.990010e+000
2.300000000000000e+000	4.990192e+000
2.350000000000000e+000	4.990374e+000
2.400000000000000e+000	4.990556e+000
2.449999999999999e+000	4.990738e+000
2.499999999999999e+000	4.990920e+000
2.549999999999999e+000	4.991102e+000
2.599999999999999e+000	4.991283e+000
2.649999999999999e+000	4.991465e+000
2.699999999999998e+000	4.991647e+000
2.749999999999998e+000	4.991829e+000
2.799999999999998e+000	4.992011e+000
2.849999999999998e+000	4.992192e+000
2.899999999999998e+000	4.992374e+000
2.949999999999998e+000	4.992556e+000
2.999999999999997e+000	4.992737e+000
3.049999999999997e+000	4.992919e+000
3.099999999999997e+000	4.993100e+000
3.149999999999997e+000	4.993282e+000
3.199999999999997e+000	4.993464e+000
3.249999999999996e+000	4.993645e+000
3.299999999999996e+000	4.993826e+000
3.349999999999996e+000	4.994008e+000
3.399999999999996e+000	4.994189e+000
3.449999999999996e+000	4.994371e+000
3.499999999999996e+000	4.994552e+000
3.549999999999995e+000	4.994733e+000
3.599999999999995e+000	4.994914e+000
3.649999999999995e+000	4.995095e+000
3.699999999999995e+000	4.995275e+000
3.749999999999995e+000	4.995454e+000
3.799999999999995e+000	4.995632e+000
3.849999999999994e+000	4.995808e+000
3.899999999999994e+000	4.995980e+000
3.949999999999994e+000	4.996148e+000
3.999999999999994e+000	4.996306e+000
4.049999999999994e+000	4.996448e+000
4.099999999999993e+000	4.996555e+000
4.149999999999993e+000	4.996577e+000
4.199999999999993e+000	4.996238e+000
4.249999999999993e+000	4.983415e+000
4.299999999999993e+000	4.899992e+000
4.349999999999993e+000	4.799993e+000
4.399999999999992e+000	4.699993e+000
4.449999999999992e+000	4.599994e+000
4.499999999999992e+000	4.499994e+000
4.549999999999992e+000	4.399994e+000
4.599999999999992e+000	4.299994e+000
4.649999999999992e+000	4.199995e+000
4.699999999999991e+000	4.099995e+000
4.749999999999991e+000	3.999995e+000
4.799999999999991e+000	3.899996e+000
4.849999999999991e+000	3.799996e+000
4.899999999999991e+000	3.699996e+000
4.949999999999990e+000	3.599997e+000
5.000000000000000e+000	3.499997e+000
