iin	V(vt)
1.000000000000000e-009	2.976878e-001
1.023292992280754e-009	2.982904e-001
1.047128548050900e-009	2.988792e-001
1.071519305237607e-009	2.994749e-001
1.096478196143185e-009	3.000706e-001
1.122018454301964e-009	3.006663e-001
1.148153621496883e-009	3.012620e-001
1.174897554939530e-009	3.018577e-001
1.202264434617413e-009	3.024534e-001
1.230268770812382e-009	3.030491e-001
1.258925411794167e-009	3.036448e-001
1.288249551693134e-009	3.042405e-001
1.318256738556407e-009	3.048362e-001
1.348962882591654e-009	3.054318e-001
1.380384264602885e-009	3.060275e-001
1.412537544622754e-009	3.066232e-001
1.445439770745927e-009	3.072189e-001
1.479108388168207e-009	3.078146e-001
1.513561248436208e-009	3.084102e-001
1.548816618912481e-009	3.090059e-001
1.584893192461113e-009	3.096015e-001
1.621810097358929e-009	3.101972e-001
1.659586907437560e-009	3.107929e-001
1.698243652461744e-009	3.113886e-001
1.737800828749375e-009	3.119842e-001
1.778279410038922e-009	3.125799e-001
1.819700858609983e-009	3.131755e-001
1.862087136662866e-009	3.137712e-001
1.905460717963246e-009	3.143668e-001
1.949844599758044e-009	3.149625e-001
1.995262314968878e-009	3.155581e-001
2.041737944669528e-009	3.161538e-001
2.089296130854038e-009	3.167494e-001
2.137962089502231e-009	3.173451e-001
2.187761623949551e-009	3.179407e-001
2.238721138568338e-009	3.185363e-001
2.290867652767771e-009	3.191320e-001
2.344228815319920e-009	3.197276e-001
2.398832919019488e-009	3.203232e-001
2.454708915685028e-009	3.209189e-001
2.511886431509577e-009	3.215145e-001
2.570395782768861e-009	3.221101e-001
2.630267991895379e-009	3.227057e-001
2.691534803926912e-009	3.233014e-001
2.754228703338163e-009	3.238970e-001
2.818382931264450e-009	3.244926e-001
2.884031503126602e-009	3.250883e-001
2.951209226666381e-009	3.256839e-001
3.019951720402012e-009	3.262795e-001
3.090295432513586e-009	3.268751e-001
3.162277660168375e-009	3.274707e-001
3.235936569296278e-009	3.280663e-001
3.311311214825906e-009	3.286620e-001
3.388441561392020e-009	3.292576e-001
3.467368504525311e-009	3.298532e-001
3.548133892335748e-009	3.304488e-001
3.630780547701007e-009	3.310444e-001
3.715352290971719e-009	3.316400e-001
3.801893963205605e-009	3.322356e-001
3.890451449942799e-009	3.328312e-001
3.981071705534966e-009	3.334269e-001
4.073802778041120e-009	3.340225e-001
4.168693834703346e-009	3.346181e-001
4.265795188015918e-009	3.352137e-001
4.365158322401651e-009	3.358093e-001
4.466835921509623e-009	3.364049e-001
4.570881896148742e-009	3.370005e-001
4.677351412871973e-009	3.375961e-001
4.786300923226374e-009	3.381917e-001
4.897788193684453e-009	3.387873e-001
5.011872336272713e-009	3.393829e-001
5.128613839913639e-009	3.399785e-001
5.248074602497716e-009	3.405741e-001
5.370317963702516e-009	3.411697e-001
5.495408738576234e-009	3.417653e-001
5.623413251903479e-009	3.423609e-001
5.754399373371557e-009	3.429565e-001
5.888436553555877e-009	3.435521e-001
6.025595860743565e-009	3.441477e-001
6.165950018614808e-009	3.447433e-001
6.309573444801919e-009	3.453388e-001
6.456542290346541e-009	3.459344e-001
6.606934480075945e-009	3.465300e-001
6.760829753919803e-009	3.471256e-001
6.918309709189349e-009	3.477212e-001
7.079457843841363e-009	3.483168e-001
7.244359600749884e-009	3.489124e-001
7.413102413009158e-009	3.495080e-001
7.585775750291819e-009	3.501036e-001
7.762471166286898e-009	3.506991e-001
7.943282347242794e-009	3.512947e-001
8.128305161640971e-009	3.518903e-001
8.317637711026687e-009	3.524859e-001
8.511380382023740e-009	3.530815e-001
8.709635899560782e-009	3.536771e-001
8.912509381337430e-009	3.542726e-001
9.120108393559072e-009	3.548682e-001
9.332543007969883e-009	3.554638e-001
9.549925860214332e-009	3.560594e-001
9.772372209558078e-009	3.566550e-001
9.999999999999970e-009	3.572506e-001
1.023292992280751e-008	3.578461e-001
1.047128548050897e-008	3.584417e-001
1.071519305237603e-008	3.590373e-001
1.096478196143182e-008	3.596329e-001
1.122018454301960e-008	3.602285e-001
1.148153621496879e-008	3.608240e-001
1.174897554939526e-008	3.614196e-001
1.202264434617409e-008	3.620152e-001
1.230268770812378e-008	3.626108e-001
1.258925411794163e-008	3.632064e-001
1.288249551693130e-008	3.638019e-001
1.318256738556403e-008	3.643975e-001
1.348962882591649e-008	3.649931e-001
1.380384264602880e-008	3.655887e-001
1.412537544622749e-008	3.661842e-001
1.445439770745922e-008	3.667798e-001
1.479108388168202e-008	3.673754e-001
1.513561248436203e-008	3.679710e-001
1.548816618912476e-008	3.685665e-001
1.584893192461107e-008	3.691621e-001
1.621810097358924e-008	3.697577e-001
1.659586907437554e-008	3.703533e-001
1.698243652461738e-008	3.709489e-001
1.737800828749368e-008	3.715444e-001
1.778279410038916e-008	3.721400e-001
1.819700858609976e-008	3.727356e-001
1.862087136662860e-008	3.733312e-001
1.905460717963239e-008	3.739267e-001
1.949844599758037e-008	3.745223e-001
1.995262314968871e-008	3.751179e-001
2.041737944669520e-008	3.757134e-001
2.089296130854030e-008	3.763090e-001
2.137962089502223e-008	3.769046e-001
2.187761623949543e-008	3.775001e-001
2.238721138568330e-008	3.780957e-001
2.290867652767763e-008	3.786913e-001
2.344228815319912e-008	3.792869e-001
2.398832919019480e-008	3.798824e-001
2.454708915685019e-008	3.804780e-001
2.511886431509569e-008	3.810736e-001
2.570395782768852e-008	3.816692e-001
2.630267991895370e-008	3.822647e-001
2.691534803926903e-008	3.828603e-001
2.754228703338153e-008	3.834559e-001
2.818382931264440e-008	3.840514e-001
2.884031503126592e-008	3.846470e-001
2.951209226666371e-008	3.852426e-001
3.019951720402002e-008	3.858382e-001
3.090295432513576e-008	3.864337e-001
3.162277660168364e-008	3.870293e-001
3.235936569296267e-008	3.876249e-001
3.311311214825895e-008	3.882204e-001
3.388441561392009e-008	3.888160e-001
3.467368504525299e-008	3.894116e-001
3.548133892335737e-008	3.900071e-001
3.630780547700995e-008	3.906027e-001
3.715352290971706e-008	3.911983e-001
3.801893963205592e-008	3.917938e-001
3.890451449942786e-008	3.923894e-001
3.981071705534952e-008	3.929850e-001
4.073802778041106e-008	3.935805e-001
4.168693834703332e-008	3.941761e-001
4.265795188015904e-008	3.947717e-001
4.365158322401637e-008	3.953672e-001
4.466835921509608e-008	3.959628e-001
4.570881896148726e-008	3.965584e-001
4.677351412871957e-008	3.971539e-001
4.786300923226358e-008	3.977495e-001
4.897788193684436e-008	3.983451e-001
5.011872336272696e-008	3.989407e-001
5.128613839913621e-008	3.995362e-001
5.248074602497697e-008	4.001318e-001
5.370317963702498e-008	4.007274e-001
5.495408738576215e-008	4.013229e-001
5.623413251903459e-008	4.019185e-001
5.754399373371537e-008	4.025140e-001
5.888436553555856e-008	4.031096e-001
6.025595860743544e-008	4.037052e-001
6.165950018614788e-008	4.043007e-001
6.309573444801898e-008	4.048963e-001
6.456542290346520e-008	4.054919e-001
6.606934480075923e-008	4.060875e-001
6.760829753919780e-008	4.066830e-001
6.918309709189325e-008	4.072786e-001
7.079457843841339e-008	4.078741e-001
7.244359600749858e-008	4.084697e-001
7.413102413009132e-008	4.090653e-001
7.585775750291793e-008	4.096608e-001
7.762471166286872e-008	4.102564e-001
7.943282347242769e-008	4.108520e-001
8.128305161640945e-008	4.114476e-001
8.317637711026661e-008	4.120431e-001
8.511380382023714e-008	4.126387e-001
8.709635899560755e-008	4.132342e-001
8.912509381337402e-008	4.138298e-001
9.120108393559042e-008	4.144254e-001
9.332543007969853e-008	4.150209e-001
9.549925860214300e-008	4.156165e-001
9.772372209558046e-008	4.162121e-001
9.999999999999937e-008	4.168076e-001
1.023292992280748e-007	4.174032e-001
1.047128548050893e-007	4.179988e-001
1.071519305237600e-007	4.185943e-001
1.096478196143178e-007	4.191899e-001
1.122018454301956e-007	4.197855e-001
1.148153621496875e-007	4.203810e-001
1.174897554939522e-007	4.209766e-001
1.202264434617405e-007	4.215721e-001
1.230268770812374e-007	4.221677e-001
1.258925411794159e-007	4.227633e-001
1.288249551693126e-007	4.233589e-001
1.318256738556398e-007	4.239544e-001
1.348962882591645e-007	4.245500e-001
1.380384264602876e-007	4.251455e-001
1.412537544622745e-007	4.257411e-001
1.445439770745918e-007	4.263367e-001
1.479108388168197e-007	4.269322e-001
1.513561248436198e-007	4.275278e-001
1.548816618912471e-007	4.281234e-001
1.584893192461103e-007	4.287189e-001
1.621810097358919e-007	4.293145e-001
1.659586907437549e-007	4.299101e-001
1.698243652461733e-007	4.305056e-001
1.737800828749364e-007	4.311012e-001
1.778279410038911e-007	4.316967e-001
1.819700858609971e-007	4.322923e-001
1.862087136662855e-007	4.328879e-001
1.905460717963234e-007	4.334835e-001
1.949844599758032e-007	4.340790e-001
1.995262314968866e-007	4.346746e-001
2.041737944669515e-007	4.352701e-001
2.089296130854025e-007	4.358657e-001
2.137962089502217e-007	4.364613e-001
2.187761623949537e-007	4.370568e-001
2.238721138568323e-007	4.376524e-001
2.290867652767757e-007	4.382480e-001
2.344228815319905e-007	4.388435e-001
2.398832919019473e-007	4.394391e-001
2.454708915685012e-007	4.400347e-001
2.511886431509562e-007	4.406302e-001
2.570395782768845e-007	4.412258e-001
2.630267991895362e-007	4.418214e-001
2.691534803926895e-007	4.424169e-001
2.754228703338146e-007	4.430125e-001
2.818382931264433e-007	4.436080e-001
2.884031503126584e-007	4.442036e-001
2.951209226666363e-007	4.447992e-001
3.019951720401993e-007	4.453948e-001
3.090295432513567e-007	4.459903e-001
3.162277660168355e-007	4.465859e-001
3.235936569296258e-007	4.471814e-001
3.311311214825886e-007	4.477770e-001
3.388441561391999e-007	4.483726e-001
3.467368504525289e-007	4.489681e-001
3.548133892335727e-007	4.495637e-001
3.630780547700985e-007	4.501593e-001
3.715352290971696e-007	4.507548e-001
3.801893963205581e-007	4.513504e-001
3.890451449942775e-007	4.519460e-001
3.981071705534940e-007	4.525415e-001
4.073802778041094e-007	4.531371e-001
4.168693834703320e-007	4.537327e-001
4.265795188015892e-007	4.543282e-001
4.365158322401624e-007	4.549238e-001
4.466835921509595e-007	4.555193e-001
4.570881896148713e-007	4.561149e-001
4.677351412871943e-007	4.567105e-001
4.786300923226344e-007	4.573061e-001
4.897788193684422e-007	4.579016e-001
5.011872336272682e-007	4.584972e-001
5.128613839913606e-007	4.590927e-001
5.248074602497682e-007	4.596883e-001
5.370317963702482e-007	4.602839e-001
5.495408738576199e-007	4.608794e-001
5.623413251903444e-007	4.614750e-001
5.754399373371521e-007	4.620706e-001
5.888436553555841e-007	4.626662e-001
6.025595860743527e-007	4.632617e-001
6.165950018614769e-007	4.638573e-001
6.309573444801879e-007	4.644528e-001
6.456542290346500e-007	4.650484e-001
6.606934480075903e-007	4.656440e-001
6.760829753919759e-007	4.662395e-001
6.918309709189305e-007	4.668351e-001
7.079457843841318e-007	4.674307e-001
7.244359600749837e-007	4.680263e-001
7.413102413009110e-007	4.686218e-001
7.585775750291771e-007	4.692174e-001
7.762471166286849e-007	4.698129e-001
7.943282347242745e-007	4.704085e-001
8.128305161640920e-007	4.710041e-001
8.317637711026636e-007	4.715996e-001
8.511380382023688e-007	4.721952e-001
8.709635899560727e-007	4.727908e-001
8.912509381337375e-007	4.733863e-001
9.120108393559015e-007	4.739819e-001
9.332543007969826e-007	4.745775e-001
9.549925860214271e-007	4.751731e-001
9.772372209558016e-007	4.757686e-001
9.999999999999906e-007	4.763642e-001
1.023292992280745e-006	4.769598e-001
1.047128548050890e-006	4.775553e-001
1.071519305237596e-006	4.781509e-001
1.096478196143175e-006	4.787465e-001
1.122018454301953e-006	4.793420e-001
1.148153621496872e-006	4.799376e-001
1.174897554939518e-006	4.805332e-001
1.202264434617401e-006	4.811287e-001
1.230268770812370e-006	4.817243e-001
1.258925411794155e-006	4.823199e-001
1.288249551693122e-006	4.829154e-001
1.318256738556395e-006	4.835110e-001
1.348962882591641e-006	4.841066e-001
1.380384264602872e-006	4.847021e-001
1.412537544622741e-006	4.852977e-001
1.445439770745914e-006	4.858933e-001
1.479108388168193e-006	4.864888e-001
1.513561248436193e-006	4.870844e-001
1.548816618912466e-006	4.876800e-001
1.584893192461098e-006	4.882756e-001
1.621810097358914e-006	4.888712e-001
1.659586907437544e-006	4.894667e-001
1.698243652461728e-006	4.900623e-001
1.737800828749358e-006	4.906579e-001
1.778279410038905e-006	4.912534e-001
1.819700858609965e-006	4.918490e-001
1.862087136662849e-006	4.924446e-001
1.905460717963228e-006	4.930401e-001
1.949844599758026e-006	4.936357e-001
1.995262314968860e-006	4.942313e-001
2.041737944669509e-006	4.948269e-001
2.089296130854018e-006	4.954225e-001
2.137962089502210e-006	4.960180e-001
2.187761623949530e-006	4.966136e-001
2.238721138568316e-006	4.972092e-001
2.290867652767749e-006	4.978047e-001
2.344228815319898e-006	4.984003e-001
2.398832919019465e-006	4.989959e-001
2.454708915685004e-006	4.995915e-001
2.511886431509554e-006	5.001870e-001
2.570395782768836e-006	5.007826e-001
2.630267991895354e-006	5.013782e-001
2.691534803926887e-006	5.019737e-001
2.754228703338137e-006	5.025694e-001
2.818382931264423e-006	5.031649e-001
2.884031503126575e-006	5.037605e-001
2.951209226666354e-006	5.043561e-001
3.019951720401983e-006	5.049517e-001
3.090295432513557e-006	5.055472e-001
3.162277660168345e-006	5.061428e-001
3.235936569296247e-006	5.067384e-001
3.311311214825874e-006	5.073340e-001
3.388441561391988e-006	5.079296e-001
3.467368504525278e-006	5.085251e-001
3.548133892335715e-006	5.091207e-001
3.630780547700973e-006	5.097163e-001
3.715352290971684e-006	5.103119e-001
3.801893963205569e-006	5.109075e-001
3.890451449942762e-006	5.115030e-001
3.981071705534928e-006	5.120986e-001
4.073802778041082e-006	5.126942e-001
4.168693834703307e-006	5.132898e-001
4.265795188015879e-006	5.138854e-001
4.365158322401611e-006	5.144809e-001
4.466835921509581e-006	5.150766e-001
4.570881896148699e-006	5.156721e-001
4.677351412871930e-006	5.162677e-001
4.786300923226330e-006	5.168633e-001
4.897788193684408e-006	5.174589e-001
5.011872336272667e-006	5.180545e-001
5.128613839913591e-006	5.186501e-001
5.248074602497666e-006	5.192457e-001
5.370317963702466e-006	5.198413e-001
5.495408738576182e-006	5.204369e-001
5.623413251903426e-006	5.210325e-001
5.754399373371503e-006	5.216280e-001
5.888436553555822e-006	5.222237e-001
6.025595860743508e-006	5.228192e-001
6.165950018614750e-006	5.234149e-001
6.309573444801859e-006	5.240104e-001
6.456542290346480e-006	5.246060e-001
6.606934480075882e-006	5.252016e-001
6.760829753919738e-006	5.257972e-001
6.918309709189283e-006	5.263928e-001
7.079457843841295e-006	5.269884e-001
7.244359600749814e-006	5.275840e-001
7.413102413009087e-006	5.281796e-001
7.585775750291747e-006	5.287752e-001
7.762471166286824e-006	5.293708e-001
7.943282347242720e-006	5.299664e-001
8.128305161640895e-006	5.305620e-001
8.317637711026609e-006	5.311576e-001
8.511380382023662e-006	5.317532e-001
8.709635899560701e-006	5.323489e-001
8.912509381337346e-006	5.329444e-001
9.120108393558985e-006	5.335401e-001
9.332543007969794e-006	5.341357e-001
9.549925860214240e-006	5.347313e-001
9.772372209557984e-006	5.353269e-001
9.999999999999874e-006	5.359225e-001
1.023292992280741e-005	5.365182e-001
1.047128548050886e-005	5.371138e-001
1.071519305237593e-005	5.377094e-001
1.096478196143171e-005	5.383050e-001
1.122018454301949e-005	5.389006e-001
1.148153621496868e-005	5.394962e-001
1.174897554939514e-005	5.400919e-001
1.202264434617397e-005	5.406875e-001
1.230268770812365e-005	5.412831e-001
1.258925411794151e-005	5.418788e-001
1.288249551693117e-005	5.424744e-001
1.318256738556390e-005	5.430700e-001
1.348962882591636e-005	5.436656e-001
1.380384264602866e-005	5.442613e-001
1.412537544622735e-005	5.448569e-001
1.445439770745908e-005	5.454525e-001
1.479108388168188e-005	5.460482e-001
1.513561248436188e-005	5.466439e-001
1.548816618912460e-005	5.472395e-001
1.584893192461092e-005	5.478351e-001
1.621810097358908e-005	5.484308e-001
1.659586907437538e-005	5.490264e-001
1.698243652461721e-005	5.496221e-001
1.737800828749352e-005	5.502177e-001
1.778279410038899e-005	5.508134e-001
1.819700858609959e-005	5.514091e-001
1.862087136662842e-005	5.520047e-001
1.905460717963221e-005	5.526004e-001
1.949844599758019e-005	5.531960e-001
1.995262314968852e-005	5.537917e-001
2.041737944669501e-005	5.543874e-001
2.089296130854011e-005	5.549830e-001
2.137962089502203e-005	5.555787e-001
2.187761623949522e-005	5.561744e-001
2.238721138568308e-005	5.567701e-001
2.290867652767741e-005	5.573658e-001
2.344228815319889e-005	5.579615e-001
2.398832919019457e-005	5.585572e-001
2.454708915684996e-005	5.591528e-001
2.511886431509545e-005	5.597485e-001
2.570395782768827e-005	5.603442e-001
2.630267991895345e-005	5.609399e-001
2.691534803926877e-005	5.615356e-001
2.754228703338127e-005	5.621313e-001
2.818382931264414e-005	5.627270e-001
2.884031503126565e-005	5.633227e-001
2.951209226666343e-005	5.639185e-001
3.019951720401973e-005	5.645142e-001
3.090295432513546e-005	5.651099e-001
3.162277660168334e-005	5.657057e-001
3.235936569296236e-005	5.663014e-001
3.311311214825863e-005	5.668971e-001
3.388441561391976e-005	5.674928e-001
3.467368504525266e-005	5.680886e-001
3.548133892335703e-005	5.686843e-001
3.630780547700960e-005	5.692801e-001
3.715352290971670e-005	5.698758e-001
3.801893963205555e-005	5.704716e-001
3.890451449942748e-005	5.710674e-001
3.981071705534913e-005	5.716631e-001
4.073802778041066e-005	5.722589e-001
4.168693834703292e-005	5.728547e-001
4.265795188015863e-005	5.734505e-001
4.365158322401594e-005	5.740463e-001
4.466835921509564e-005	5.746421e-001
4.570881896148682e-005	5.752379e-001
4.677351412871912e-005	5.758337e-001
4.786300923226311e-005	5.764295e-001
4.897788193684388e-005	5.770254e-001
5.011872336272647e-005	5.776212e-001
5.128613839913570e-005	5.782170e-001
5.248074602497645e-005	5.788128e-001
5.370317963702444e-005	5.794087e-001
5.495408738576161e-005	5.800045e-001
5.623413251903404e-005	5.806004e-001
5.754399373371480e-005	5.811962e-001
5.888436553555799e-005	5.817921e-001
6.025595860743484e-005	5.823880e-001
6.165950018614726e-005	5.829839e-001
6.309573444801834e-005	5.835798e-001
6.456542290346454e-005	5.841757e-001
6.606934480075856e-005	5.847716e-001
6.760829753919712e-005	5.853675e-001
6.918309709189257e-005	5.859634e-001
7.079457843841269e-005	5.865594e-001
7.244359600749787e-005	5.871553e-001
7.413102413009058e-005	5.877513e-001
7.585775750291718e-005	5.883472e-001
7.762471166286795e-005	5.889432e-001
7.943282347242689e-005	5.895392e-001
8.128305161640863e-005	5.901352e-001
8.317637711026578e-005	5.907311e-001
8.511380382023629e-005	5.913272e-001
8.709635899560667e-005	5.919232e-001
8.912509381337312e-005	5.925192e-001
9.120108393558951e-005	5.931153e-001
9.332543007969761e-005	5.937113e-001
9.549925860214206e-005	5.943074e-001
9.772372209557950e-005	5.949035e-001
9.999999999999839e-005	5.954996e-001
1.023292992280738e-004	5.960956e-001
1.047128548050883e-004	5.966918e-001
1.071519305237589e-004	5.972879e-001
1.096478196143167e-004	5.978840e-001
1.122018454301945e-004	5.984802e-001
1.148153621496864e-004	5.990763e-001
1.174897554939510e-004	5.996725e-001
1.202264434617393e-004	6.002687e-001
1.230268770812361e-004	6.008649e-001
1.258925411794147e-004	6.014612e-001
1.288249551693113e-004	6.020574e-001
1.318256738556385e-004	6.026536e-001
1.348962882591631e-004	6.032499e-001
1.380384264602862e-004	6.038462e-001
1.412537544622731e-004	6.044425e-001
1.445439770745904e-004	6.050388e-001
1.479108388168183e-004	6.056352e-001
1.513561248436183e-004	6.062315e-001
1.548816618912456e-004	6.068279e-001
1.584893192461087e-004	6.074243e-001
1.621810097358903e-004	6.080207e-001
1.659586907437533e-004	6.086171e-001
1.698243652461716e-004	6.092136e-001
1.737800828749347e-004	6.098101e-001
1.778279410038893e-004	6.104066e-001
1.819700858609953e-004	6.110031e-001
1.862087136662836e-004	6.115996e-001
1.905460717963215e-004	6.121962e-001
1.949844599758013e-004	6.127928e-001
1.995262314968846e-004	6.133894e-001
2.041737944669495e-004	6.139860e-001
2.089296130854004e-004	6.145827e-001
2.137962089502196e-004	6.151794e-001
2.187761623949516e-004	6.157761e-001
2.238721138568302e-004	6.163728e-001
2.290867652767734e-004	6.169696e-001
2.344228815319882e-004	6.175663e-001
2.398832919019450e-004	6.181632e-001
2.454708915684988e-004	6.187600e-001
2.511886431509537e-004	6.193569e-001
2.570395782768820e-004	6.199539e-001
2.630267991895337e-004	6.205508e-001
2.691534803926870e-004	6.211478e-001
2.754228703338119e-004	6.217448e-001
2.818382931264405e-004	6.223418e-001
2.884031503126556e-004	6.229389e-001
2.951209226666335e-004	6.235360e-001
3.019951720401964e-004	6.241332e-001
3.090295432513537e-004	6.247303e-001
3.162277660168324e-004	6.253276e-001
3.235936569296226e-004	6.259248e-001
3.311311214825853e-004	6.265221e-001
3.388441561391966e-004	6.271195e-001
3.467368504525255e-004	6.277168e-001
3.548133892335692e-004	6.283143e-001
3.630780547700950e-004	6.289117e-001
3.715352290971660e-004	6.295093e-001
3.801893963205545e-004	6.301068e-001
3.890451449942737e-004	6.307044e-001
3.981071705534902e-004	6.313021e-001
4.073802778041055e-004	6.318998e-001
4.168693834703280e-004	6.324975e-001
4.265795188015850e-004	6.330953e-001
4.365158322401581e-004	6.336932e-001
4.466835921509551e-004	6.342911e-001
4.570881896148668e-004	6.348891e-001
4.677351412871898e-004	6.354871e-001
4.786300923226297e-004	6.360852e-001
4.897788193684373e-004	6.366833e-001
5.011872336272632e-004	6.372815e-001
5.128613839913555e-004	6.378797e-001
5.248074602497631e-004	6.384780e-001
5.370317963702430e-004	6.390765e-001
5.495408738576146e-004	6.396749e-001
5.623413251903389e-004	6.402734e-001
5.754399373371465e-004	6.408720e-001
5.888436553555782e-004	6.414707e-001
6.025595860743467e-004	6.420694e-001
6.165950018614709e-004	6.426682e-001
6.309573444801817e-004	6.432671e-001
6.456542290346436e-004	6.438660e-001
6.606934480075838e-004	6.444650e-001
6.760829753919693e-004	6.450642e-001
6.918309709189237e-004	6.456634e-001
7.079457843841248e-004	6.462626e-001
7.244359600749766e-004	6.468620e-001
7.413102413009038e-004	6.474615e-001
7.585775750291697e-004	6.480610e-001
7.762471166286773e-004	6.486607e-001
7.943282347242667e-004	6.492604e-001
8.128305161640841e-004	6.498603e-001
8.317637711026555e-004	6.504602e-001
8.511380382023605e-004	6.510602e-001
8.709635899560644e-004	6.516603e-001
8.912509381337288e-004	6.522606e-001
9.120108393558926e-004	6.528609e-001
9.332543007969735e-004	6.534614e-001
9.549925860214179e-004	6.540620e-001
9.772372209557922e-004	6.546627e-001
9.999999999999812e-004	6.552635e-001
1.023292992280735e-003	6.558644e-001
1.047128548050880e-003	6.564655e-001
1.071519305237586e-003	6.570667e-001
1.096478196143164e-003	6.576681e-001
1.122018454301942e-003	6.582695e-001
1.148153621496861e-003	6.588711e-001
1.174897554939507e-003	6.594728e-001
1.202264434617390e-003	6.600747e-001
1.230268770812358e-003	6.606767e-001
1.258925411794143e-003	6.612789e-001
1.288249551693109e-003	6.618813e-001
1.318256738556382e-003	6.624838e-001
1.348962882591628e-003	6.630864e-001
1.380384264602858e-003	6.636892e-001
1.412537544622727e-003	6.642922e-001
1.445439770745900e-003	6.648954e-001
1.479108388168179e-003	6.654987e-001
1.513561248436179e-003	6.661022e-001
1.548816618912451e-003	6.667059e-001
1.584893192461083e-003	6.673098e-001
1.621810097358899e-003	6.679139e-001
1.659586907437528e-003	6.685182e-001
1.698243652461711e-003	6.691227e-001
1.737800828749342e-003	6.697274e-001
1.778279410038888e-003	6.703323e-001
1.819700858609948e-003	6.709374e-001
1.862087136662831e-003	6.715428e-001
1.905460717963210e-003	6.721483e-001
1.949844599758007e-003	6.727542e-001
1.995262314968840e-003	6.733602e-001
2.041737944669489e-003	6.739665e-001
2.089296130853998e-003	6.745731e-001
2.137962089502190e-003	6.751799e-001
2.187761623949509e-003	6.757870e-001
2.238721138568295e-003	6.763943e-001
2.290867652767728e-003	6.770019e-001
2.344228815319876e-003	6.776098e-001
2.398832919019443e-003	6.782179e-001
2.454708915684982e-003	6.788265e-001
2.511886431509530e-003	6.794353e-001
2.570395782768813e-003	6.800443e-001
2.630267991895330e-003	6.806537e-001
2.691534803926862e-003	6.812634e-001
2.754228703338112e-003	6.818735e-001
2.818382931264398e-003	6.824839e-001
2.884031503126549e-003	6.830946e-001
2.951209226666327e-003	6.837057e-001
3.019951720401956e-003	6.843172e-001
3.090295432513529e-003	6.849290e-001
3.162277660168316e-003	6.855412e-001
3.235936569296218e-003	6.861538e-001
3.311311214825845e-003	6.867668e-001
3.388441561391958e-003	6.873802e-001
3.467368504525247e-003	6.879940e-001
3.548133892335683e-003	6.886082e-001
3.630780547700940e-003	6.892229e-001
3.715352290971650e-003	6.898381e-001
3.801893963205535e-003	6.904536e-001
3.890451449942727e-003	6.910697e-001
3.981071705534892e-003	6.916862e-001
4.073802778041044e-003	6.923032e-001
4.168693834703269e-003	6.929207e-001
4.265795188015840e-003	6.935388e-001
4.365158322401571e-003	6.941574e-001
4.466835921509540e-003	6.947764e-001
4.570881896148657e-003	6.953961e-001
4.677351412871886e-003	6.960163e-001
4.786300923226285e-003	6.966371e-001
4.897788193684361e-003	6.972584e-001
5.011872336272620e-003	6.978804e-001
5.128613839913543e-003	6.985030e-001
5.248074602497618e-003	6.991262e-001
5.370317963702417e-003	6.997501e-001
5.495408738576132e-003	7.003747e-001
5.623413251903375e-003	7.009999e-001
5.754399373371450e-003	7.016258e-001
5.888436553555768e-003	7.022524e-001
6.025595860743452e-003	7.028797e-001
6.165950018614693e-003	7.035078e-001
6.309573444801801e-003	7.041367e-001
6.456542290346421e-003	7.047663e-001
6.606934480075822e-003	7.053967e-001
6.760829753919676e-003	7.060279e-001
6.918309709189220e-003	7.066600e-001
7.079457843841230e-003	7.072930e-001
7.244359600749748e-003	7.079268e-001
7.413102413009019e-003	7.085615e-001
7.585775750291677e-003	7.091971e-001
7.762471166286753e-003	7.098336e-001
7.943282347242646e-003	7.104712e-001
8.128305161640819e-003	7.111096e-001
8.317637711026532e-003	7.117491e-001
8.511380382023582e-003	7.123897e-001
8.709635899560619e-003	7.130313e-001
8.912509381337263e-003	7.136739e-001
9.120108393558901e-003	7.143177e-001
9.332543007969709e-003	7.149627e-001
9.549925860214152e-003	7.156087e-001
9.772372209557895e-003	7.162560e-001
1.000000000000000e-002	7.169044e-001
